000000000000000000000000000000000000000000000000000000000000000000000000000000000000000000000000000000000000000000000000000000000000000000000000000000
000000000000000000000000000000000000000000000000000000000000000000000000000000000000000000000000000000000000000000000000000000000000000000000000000000
000000000000000000000000000000000000000000000000000000000000000000000000000000000000000000000000000000000000000000000000000000000000000000000000000000
000000000000000000000000000000000000000000000000000000000000000000000000000000000000000000000000000000000000000000000000000000000000000000000000000000
000000000000000000000000000000000000000000000000000000000000000000000000000000000000000000000000000000000000000000000000000000000000000000000000000000
000000000000000000000000000000000000000000000000000000000000000000000000000000000000000000000000000000000000000000000000000000000000000000000000000000
000000000000000000000000000000000000000000000000000000000000000000000000000000000000000000000000000000000000000000000000000000000000000000000000000000
000000000000000000000000000000000000000000000000000000000000000000000000000000000000000000000000000000000000000000000000000000000000000000000000000000
000000000000000000000000000000000000000000000000000000000000000000000000000000000000000000000000000000000000000000000000000000000000000000000000000000
000000000000000000000000000000000000000000000000000000000000000000000000000000000000000000000000000000000000000000000000000000000000000000000000000000
000000000000000000000000000000000000000000000000000000000000000000000000000000000000000000000000000000000000000000000000000000000000000000000000000000
000000000000000000000000000000000000000000000000000000000000000000000000000000000000000000000000000000000000000000000000000000000000000000000000000000
000000000000000000000000000000000000000000000000000000000000000000000000000000000000000000000000000000000000000000000000000000000000001000000000000000
111111111111111111111111111111111111111111111111111111111111111111111111111111111111111111111111111111111111111111111111111111111111111111111111111111
000000000000000010000000000000011100000000000000000000000002222222220000000000000000000000000011100000000000000000000000000000011000001000011000000000
000000000000000010000000011000011100000001100000011100000000000000000000000000000000000000000011100000000000000000000000000111011000001000011000000000
000000000000000011110000011000111110000011110000011100000000000000000001111000000011100011000011100001000000000000000010000111011000111000011000000000
000000000000000011110000011000111110000011110000011100000001100000000001111000000011100011011111100000000000000000000000000111011000111000011000000000
000000000000000010000000011001111110000011110000011101000001100000000000000100100011100011011101100000000000000000000001000111011000111000000000000000
000000000000000010000000011001111110000011110000001100000101100000010000000000000011100011011100000001111111111111111110000011000000111000000000000000
000000000000000010000000011001000110000000000001100000000001100000011110000000000001100011011100000001111111111111111110000001110000111000000000000000
000000000000000011111000000001000000000000000001100001111101100000011111110111100000001101111100001111111111111111111111110001110000001000000000000000
000000000000000011111000000000000000000001000001100001111100000000011111110111100000001101110000001110000000000000000001110001110011001000000000000000
000000000000000010000001111000000000011000000001100011111100111100000011110111101100001101110000001110000000000000000001110001110011001000000000000000
000000000000000110000001111000000000011000000001100011100000111100000000110000001101101101110000000000000000000000000000000000110011001000000000000000
000000000000000110000001111000000000011001111000100100000001001000000000110000001101101100110000000000000000000000000000001111000011001000000000000000
000000000000000110000000011000000000011001111000000000000000000000010010000000001101100011101111000001110000000000001110001110111011011000000000000000
000000000000000110000000000011110000011001111000000000111000000100000000000000001101100011101111000001110000000000001110001111111000011000000000000000
000000000000000110001110000011110001000000000000111100111001111100000000000000000001101111101111000001110000000000001110001111111000111000000000000000
000000000000000010001110000011110001000000000000111100111001111100011110000000000000001111100111000000000000000000000000001111111000111000000000000000
000000000000000010001110000000000001010011000000000000111001111100011110100011111000001101100111000000000000111100000000000000011000111000000000000000
000000000000000010001110000000000001000000000000000000011000000000011110100011111011101100111111000000000000111100000000000001110000111000000000000000
000000000000000011110110001110000000000000000010010000000000000000000000100011111011101100111111000000000000111100000000000001110000111000000000000000
000000000000000011110000001110000000011111000000000000000000000000000000100000000011100001111011111000000000000000000000000001110110001000000000000000
000000000000000011110000001110011000011111000100000000000000000000000001110000000011100111111000111000000000000000000000000001110110001000000000000000
000000000000000010110000001110011000011111000111110000000000000000000001110000000001100111111000111000000000000000000111111111110110001000000000000000
000000000000000010010000000111111000000000000111110000100000000000000001111000000000010111110000111111000000000000000111111111000110001000000000000000
000000000000000011000000000001111000011110000111110000100000000001100001110000000000000110110000011111000000000000000111111111000110111000000000000000
000000000000000011000000000001111111011110000000000000100001111001100000110000100000000110101100111111000000000000000111111111011000111000000000000000
000000000000000011011110000001100111011110100000000000100001111101100000001111100011111000001100111111011110000001110011011011011000111000000000000000
000000000000000011011110000000001111111110100000000000000000111101100001111111100011111000001100111011001110000001111111110000011000111000000000000000
000000000000000011011110000000001111110000100001100000000000000001100001110000100111111000001101100011101110000001111111110011011000111000000000000000
000000000000000010000000000000001111110000100001100000000111000000000000000000000110001111001101100011101110000001111110000011011000111000000000000000
000000000000000010000000000111101111011100000001100001000111000000010000000000000000000111000001111111100000000000001110110011000111111000000000000000
000000000000000010100000001111100000011100000001100000000111000000010000000000000000000111111001111111100000000000111110110011000111001000000000000000
000000000000000010100000001100000000000000000001100000000000000000010000000000000000000111111001100001100000000000111100110011000000011000000000000000
000000000000000010100000000000000000000000000000000001111000000000010000000000011100000011001100000000000000000000111100110000110000011000000000000000
000000000000000010100000000000000000000000000000000001111000011111000000000000011101111000001100000110000000000000000000110000110000001000000000000000
000000000000000111000000011100000000000000000000000001111100011111000000111110011101111000001100000110000000000000000000001110110110001000000000000000
000000000000000111000000011100000000000001000000000000111100111111000000111110011100000000001100000110000000000000000000001110110110001000000000000000
000000000000000111000000011100000000000001000011110000000000111100000000111110001100001110001100000110000000000000000000000000110110011000000000000000
000000000000000111000111111100001111000001000011110000000000000000000000000010000000001110000001110110000110000000000000000110000110011000000000000000
000000000000000011000111101101101111000001000011111110000000000000000000000000000000001110000001110000000110000000000000000110000110011000000000000000
000000000000000010000111100001100000000000000000001110000000000000000000000000000010000000000000000000000110000110001100000110000111011000000000000000
000000000000000010000000000001100000000000000000000000000000000000011000000011000010000000000000000000000000000110001100000110000111011000000000000000
000000000000000010000000000001100000000000000000000000000000000010011000000011000010001001100000000000000000000110001100000110000000001000000000000000
000000000000000010000000000110000000000000000000000001000110000010011000110011000010001000001100000000000000000000000000110000000011001000000000000000
000000000000000010000000000110000000000000000000000001000110000010011000000011000001110000001100001100000000000000000000110000110011001000000000000000
000000000000000010001100000110111111000000001000000111000110000010011000001000000001111111101100001100001100000000000000110000110011001000000000000000
000000000000000010001100000110111111000111111000000001000110000000000000001000000001111111100000001100001100000000000000001110110011001000000000000000
000000000000000111101100000110111111000111111000000000000110000101100111111000000001111111100000000011101100011100001100001110110011011000000000000000
000000000000000111101101111000000001000111111000011110000000000000000111111000000000110000000000000011100000011100001100000000110000011000000000000000
000000000000000010001111111000000000000000000000011110000000000000000000000011000000000000000000000000000000000000001100000000000000011000000000000000
000000000000000010000011111000000000000000000001111111100000000110000000000011000000000000111110000000000000000000000000000000000000011000000000000000
000000000000000011111010000000001111000000000001100111111100000111100000000011000000001111111110000000000000000000000000000000001100001000000000000000
000000000000000011111010000000001111001100000001100000011100000111100000000011000000001111000110000000000000011000000000001111001100001000000000000000
000000000000000011111000000000000000001111110001100000011100000000011100000011000000000000000000001101110000011000111001101111001101101000000000000000
000000000000000011000011001001111000001111110001100000000000000000011100000000000000001000000000001101110000011000111001101111111101101000000000000000
000000000000000010000000000001111010001111110000000000000000000000011101111111000000001000001100001100000000000000000001101100111101101000000000000000
000000000000000110000000000000000000001111000000000111000000000000011101111111000011111000001100000000000000000000000111000000111100001000000000000000
000000000000000110000011111000000000000000000000000111001111000000001100001111000011111000001100000000000000000011011111000000111100001000000000000000
000000000000000110000011111001110011111100000000000111001111000000000000000000000011110000001100000000000001100011011000000000000011111000000000000000
000000000000000111001011111001110011111100000000000111001111000000000000000000000000000000001100000011000001100011011000000000000011111000000000000000
000000000000000110000000000001110011111100000000000011000000000000000011100000000000000000000000000011000001100011000000111100000011111000000000000000
000000000000000010000000000001110000000100000011110000000000000000010011100000111000000000000000000011000000000000000000111100000011111000000000000000
000000000000000011111000000000110000000000000011110000000000000000000011100000011000000000000000000000000000001100000000111100000000001000000000000000
000000000000000011111000000000001110000000000011110000000000000000000011100000011000000111000000000000000000001100000000111100000000001000000000000000
000000000000000011111000000000101110001111000000000000000000000011110001100111111000000111001100000000000000001100000000000001111000111000000000000000
000000000000000010000000001111101110001111000000000000000000000011110000000111111111100111001100011000001100000001100000000001111000111000000000000000
000000000000000010001100001111100000001111000000000000000000000011110000000111100111100111001100011000001100000001100000000001111000111000000000000000
000000000000000010001100001111100001100000000000111100001111000000000000000000000000000011000000011000001100000001100000000001111000111000000000000000
000000000000000010000000001111000001100000000000111100001111000000000000000000000000000000000000000000000000000001100000000000000000001000000000000000
000000000000000010000033330000000000000000000000000000000000000000000000000000000000000000000000000000000000000000000000000000000000001000000000000000
111111111111111111111111111111111111111111111111111111111111111111111111111111111111111111111111111111111111111111111111111111111111111111111111111111
000000000000000000000000000000000000000000000000000000000000000000000000000000000000000000000000000000000000000000000000000000000000001000000000000000
000000000000000000000000000000000000000000000000000000000000000000000000000000000000000000000000000000000000000000000000000000000000001000000000000000
000000000000000000000000000000000000000000000000000000000000000000000000000000000000000000000000000000000000000000000000000000000000001000000000000000
000000000000000000000000000000000000000000000000000000000000000000000000000000000000000000000000000000000000000000000000000000000000001000000000000000
000000000000000000000000000000000000000000000000000000000000000000000000000000000000000000000000000000000000000000000000000000000000001000000000000000
000000000000000000000000000000000000000000000000000000000000000000000000000000000000000000000000000000000000000000000000000000000000001000000000000000
000000000000000000000000000000000000000000000000000000000000000000000000000000000000000000000000000000000000000000000000000000000000001000000000000000
000000000000000000000000000000000000000000000000000000000000000000000000000000000000000000000000000000000000000000000000000000000000001000000000000000
000000000000000000000000000000000000000000000000000000000000000000000000000000000000000000000000000000000000000000000000000000000000001000000000000000
000000000000000000000000000000000000000000000000000000000000000000000000000000000000000000000000000000000000000000000000000000000000001000000000000000
000000000000000000000000000000000000000000000000000000000000000000000000000000000000000000000000000000000000000000000000000000000000000000000000000000
000000000000000000000000000000000000000000000000000000000000000000000000000000000000000000000000000000000000000000000000000000000000000000000000000000
000000000000000000000000000000000000000000000000000000000000000000000000000000000000000000000000000000000000000000000000000000000000000000000000000000
000000000000000000000000000000000000000000000000000000000000000000000000000000000000000000000000000000000000000000000000000000000000000000000000000000
000000000000000000000000000000000000000000000000000000000000000000000000000000000000000000000000000000000000000000000000000000000000000000000000000000
000000000000000000000000000000000000000000000000000000000000000000000000000000000000000000000000000000000000000000000000000000000000000000000000000000