111111111111111111111111111111111111111111111111111111111111111111111111111111111111111111111111111111111111111111111111111111111111111111111111111111
111111111111111111111111111111111111111111111111111111111111111111111111111111111111111111111111111111111111111111111111111111111111111111111111111111
111111111111111111111111111111111111111111111111111111111111111111111111111111111111111111111111111111111111111111111111111111111111111111111111111111
111111111111111111111111111111111111111111111111111111111111111111111111111111111111111111111111111111111111111111111111111111111111111111111111111111
111111111111111111111111111111111111111111111111111111111111111111111111111111111111111111111111111111111111111111111111111111111111111111111111111111
111111111111111111111111111111111111111111111111111111111111111111111111111111111111111111111111111111111111111111111111111111111111111111111111111111
111111111111111111111111111111111111111111111111111111111111111111111111111111111111111111111111111111111111111111111111111111111111111111111111111111
111111111111111111111111111111111111111111111111111111111111111111111111111111111111111111111111111111111111111111111111111111111111111111111111111111
111111111111111111111111111111111111111111111111111111111111111111111111111111111111111111111111111111111111111111111111111111111111111111111111111111
111111111111111111111111111111111111111111111111111111111111111111111111111111111111111111111111111111111111111111111111111111111111111111111111111111
111111111111111111111111111111111111111111111111111111111111111111111111111111111111111111111111111111111111111111111111111111111111111111111111111111
111111111111111111111111111111111111111111111111111111111111111111111111111111111111111111111111111111111111111111111111111111111111111111111111111111
111111111111111111111111111111111111111111111111111111111111111111111111111111111111111111111111111111111111111111111111111111111111111111111111111111
111111111111111111111111111111111111111111111111111111111111111111111111111111111111111111111111111111111111111111111111111111111111111111111111111111
111111111111111111111111111111111111111111111111111111111111111111111111111111111111111111111111111111111111111111111111111111111111111111111111111111
111111111111111111111111111111111111111111111111111111111111111111111111111111111111111111111111111111111111111111111111111111111111111111111111111111
111111111111111000000000000000000000000000000000110000000000000000000000000000000000000000000000000000000000000000000000000000000000000111111111111111
111111111111111000000000011000000000000000000000110000000000000000000000000000000000000000000000000001100000000000000000000000000000000111111111111111
111111111111111000000000011000011100000000000000110000000000001110000000000000000000000011100000000000000000000000000011000000000000000111111111111111
111111111111111000011100011000000000000001111000000001110000000000000000000000000011110000000000000000000000000000000011000001110000000111111111111111
111111111111111000000000000000000000000000000000000001110000000000000000000000000000000000000000000000011100011110000011000001110000000111111111111111
111111111111111000000000000001110000100000000000000000000000000000000000000000110000000000000000000000011100000000000000111000000000000111111111111111
111111111111111000000000000000000000000000000000000000000000000000000011111110000111000000000000000000000000000000000000000000000000000111111111111111
111111111111111000000000000000000000000000000000000000000011101110000011111110000111000100000000000000000000000000000000000000000000000111111111111111
111111111111111000000000000001111111000000000000000000000011100000000011111110000111000000000000000000000000000000000000110000000000000111111111111111
111111111111111000000000000111111111001111000001111000001011100000000011111110000000000000000000000000001000011000000000110000000000000111111111111111
111111111111111111100110000111011111001111000001111000000000000000000000000000000000000000000000000011000000011111110000000000000000000111111111111111
111111111111111000000000000111000000001111000001111000000000000000000000000000000000000000000111100011000000011111110000000000000000000111111111111111
111111111111111000000000000000000000001111000000001110000000000000000000000000000000010000000111100011000000000111110000000000000000000111111111111111
111111111111111000000000000000000000000000000000001110000000111100000000000000000000000000000111100000000000000000000000000000000000000111111111111111
111111111111111000000000000000000000000000000000001110000000111100000111000000000000000000000000000000000000000000010000000000000011100111111111111111
111111111111111000000001000000000000000000000000000000000100111100000111000000011110000000000000000000000000000000000000000000000011100111111111111111
111111111111111000000000000000000000101000000000000000001100000000000000000000000000000000000000000000000000000000000000000000000000000111111111111111
111111111111111000000000000000000000000000011110000001001100000000000000000000000000000000000000111001110000001111001111000000000000000111111111111111
111111111111111000000000001111111000001110011110000000001111000000000011011111000000000000011110000001110000001111001111000001110000000111111111111111
111111111111111000000000001111111000001110011110000000001111011101111000011111000001111000100000000000000000000000001111000000000000000111111111111111
111111111111111000000000001111111000000000000000000000001111011101111000011111000001111000000001111111000000000000000000000000000000000111111111111111
111111111111111000000000000000000000001100000000000000001111000000000000000000000001111000000001111111001100000000000000000000000000000111111111111111
111111111111111000000000000000001110001100000000001111001111000000000000000000000001111000111100001111001100111100000000000000000000000111111111111111
111111111111111000000000000000001110001100000000001111001111000000000000000000111000000000111100000000001100111100000001000000000000000111111111111111
111111111111111000000000000000001110000000000000000000000000000000011110011110111000000000111100001111000000111100000011000000000000000111111111111111
111111111111111000000000001111110000000000000000000000000000000000011110011110111000000000000000000111000000110000000000000000000000000111111111111111
111111111111111000000000001111110000000000000000000000000000000111011110011110000000000000000000000000000000000000000000000000000000000111111111111111
111111111111111000000110001111110000001111000000000000000100111000000000000000000000000000000000000000000000000000000000001000000000000111111111111111
111111111111111001110000001100000000001111000111110111100000000000000000000000000000000000001111001111100000000000011111000000000000000111111111111111
111111111111111000000000001100000000001111010111110111100000000000000000000000000000000111001111001111100000000000011111000000011100000111111111111111
111111111111111000000000000000000000000000000111110000000000000000000111010000011110000110001111001111100000001110011111000000000000000111111111111111
111111111111111000000000000001111000000000001100000000000000111111110111000000011110000110000000000000000000000000000000000000000000000111111111111111
111111111111111000000000000000000000000000001100000000000000111111110000000000011111110000000000000000000000000000000000000000011110000111111111111111
111111111111111000000000000000000011100000000000000000111100111111110000100000000001110000000000000000000010000000000000000000011110000111111111111111
111111111111111000000000001000000011100000001110000000111111111111110000000001110000000000000000000000000000000000000000000000000000000111111111111111
111111111111111000000000000111000011100000001110000000111001111000000011100001110000000111100000000000000000000000000000000000000000000111111111111111
111111111111111000000000000000000000000000001111110100010000111000000011100001110000000111100111100000000000000000000000000000000011000111111111111111
111111111111111000000000000000000000000001000001110000010000001111000000000000000000000000000111100111110000001111000000000000000000000111111111111111
111111111111111000000000000000000000000000000000000000011110001111000100000000000000000000000000000111110000000000000000000000000000000111111111111111
111111111111111000011000001111111110000000000000000000011110000000000100000000000000000000011100000111110000000000000001110000000000000111111111111111
111111111111111000011000001111111110011100000000000000111101110001110111100000000000000000011100000000000000000000000000000000000000000111111111111111
111111111111111000011000001111111110011100000000111000111101110001110111100000000000000000011101111000000000000000000000000000000000000111111111111111
111111111111111000000000000000000000000000000000111000111100000001110000000000000111000000000001111000000000000000000000000000000000000111111111111111
111111111111111111100001000000000000000000000000111000000000000000000000000010000111000000000001111000000000000000000000000000000000000111111111111111
111111111111111111100000000000000011100000000000000000000000000000001010000011000001110000000000000000000011111111111111111111111111111111111111111111
111111111111111000000000000000110011101100011000000000011000000000000000000011000001110000000000000000000011111111111111111111111111111111111111111111
111111111111111000000000000000110011101100011000000000011001110000000000000011000001110001110000000000000011111111111111111111111111111111111111111111
111111111111111000000000000000000000000001100000000000011001110000000000010000000000000000000001111000000000001100000000000011110000000211111111111111
111111111111111000000000000000011011110001100000111100000001111000000000000011110011110000000001111000000011000000000000000011110000000211111111111111
111111111111111000000000000000011011110000001110111100000000000000000000000011110011111100000001111000000000000000011110000000000000000211111111111111
111111111111111000000000001111100000001111111110111100100000001111000000000011110000001111110000000000000000000000011110000000000000000211111111111111
111111111111111000000000001111111100001111111110111100000111111111111111110011110000001111110000011110000000000000011000000000000000000211111111111111
111111111111111000000000001111111101100011110000110000110111111111111111110000000000000011110000011110000000000000111000000000000000000211111111111111
111111111111111000000111000000011101100011110000110000110111111111111111110000000000000000000000000000000000000000000000000000000000000111111111111111
111111111111111000000000001000000000000000011100110000110111111111111111110001110000000000000000000111000011000000100000001110000000000111111111111111
111111111111111000000000000000000000111011011100000000000000000000000000000001110011111100110000000111000010000000000000001110000000000111111111111111
111111111111111001110000000001111110111011011111110000000000000000000000000001110011111100000000000111000010000000000000001110000000000111111111111111
111111111111111000000000000001111110000000011011110000000000000000000000000000000011111100000011100000010010111100111000000000000000000111111111111111
111111111111111000001100000000001110000000011110000000001111111000000000010000000000000000000000000000000010111100111110100001100000110111111111111111
111111111111111000001100000001110011000000000110000000001111111000000000000000000000000000000000000000000010111100111111100001100000000111111111111111
111111111111111000000000000000000000000000011100000000001111111000001111000000000000000000000000000000000010000000000000000001100000000111111111111111
111111111111111000000000000000000001110111111100000000001111111000000000000000000000000000000000000000000010000000111111111111111111100111111111111111
111111111111111000000000000000011111110000011100000000000000000001110000000000000000000000000000000111100010110000111111111111111111100111111111111111
111111111111111000000000000000011111110000000000111000000000000000000000000011100000000000011000000000000010001111111111100001111111100111111111111111
111111111111111000000000000000000000000000011000000000000000000000000000000011100000000000000000000000000010001110000000000000000000000111111111111111
111111111111111001100000000000000000000000000000000000000000000000000000000000000001111000000000000000000010001110000000000000000000000111111111111111
111111111111111000000000000000000000000000000000000000000000000000000000000000000000000000000000000000000010000000000000000000000000000111111111111111
111111111111111111113333311111111111111111111111111111111111111111111111111111111111111111111111111111111111111111111111111111111111111111111111111111
111111111111111111111111111111111111111111111111111111111111111111111111111111111111111111111111111111111111111111111111111111111111111111111111111111
111111111111111111111111111111111111111111111111111111111111111111111111111111111111111111111111111111111111111111111111111111111111111111111111111111
111111111111111111111111111111111111111111111111111111111111111111111111111111111111111111111111111111111111111111111111111111111111111111111111111111
111111111111111111111111111111111111111111111111111111111111111111111111111111111111111111111111111111111111111111111111111111111111111111111111111111
111111111111111111111111111111111111111111111111111111111111111111111111111111111111111111111111111111111111111111111111111111111111111111111111111111
111111111111111111111111111111111111111111111111111111111111111111111111111111111111111111111111111111111111111111111111111111111111111111111111111111
111111111111111111111111111111111111111111111111111111111111111111111111111111111111111111111111111111111111111111111111111111111111111111111111111111
111111111111111111111111111111111111111111111111111111111111111111111111111111111111111111111111111111111111111111111111111111111111111111111111111111
111111111111111111111111111111111111111111111111111111111111111111111111111111111111111111111111111111111111111111111111111111111111111111111111111111
111111111111111111111111111111111111111111111111111111111111111111111111111111111111111111111111111111111111111111111111111111111111111111111111111111
111111111111111111111111111111111111111111111111111111111111111111111111111111111111111111111111111111111111111111111111111111111111111111111111111111
111111111111111111111111111111111111111111111111111111111111111111111111111111111111111111111111111111111111111111111111111111111111111111111111111111
111111111111111111111111111111111111111111111111111111111111111111111111111111111111111111111111111111111111111111111111111111111111111111111111111111
111111111111111111111111111111111111111111111111111111111111111111111111111111111111111111111111111111111111111111111111111111111111111111111111111111
111111111111111111111111111111111111111111111111111111111111111111111111111111111111111111111111111111111111111111111111111111111111111111111111111111
111111111111111111111111111111111111111111111111111111111111111111111111111111111111111111111111111111111111111111111111111111111111111111111111111111