111111111111111111111111111111111111111111111111111111111111111111111111111111111111111111111111111111111111111111111111111111111111111111111111111111
111111111111111111111111111111111111111111111111111111111111111111111111111111111111111111111111111111111111111111111111111111111111111111111111111111
111111111111111111111111111111111111111111111111111111111111111111111111111111111111111111111111111111111111111111111111111111111111111111111111111111
111111111111111111111111111111111111111111111111111111111111111111111111111111111111111111111111111111111111111111111111111111111111111111111111111111
111111111111111111111111111111111111111111111111111111111111111111111111111111111111111111111111111111111111111111111111111111111111111111111111111111
111111111111111111111111111111111111111111111111111111111111111111111111111111111111111111111111111111111111111111111111111111111111111111111111111111
111111111111111111111111111111111111111111111111111111111111111111111111111111111111111111111111111111111111111111111111111111111111111111111111111111
111111111111111111111111111111111111111111111111111111111111111111111111111111111111111111111111111111111111111111111111111111111111111111111111111111
111111111111111111111111111111111111111111111111111111111111111111111111111111111111111111111111111111111111111111111111111111111111111111111111111111
111111111111111111111111111111111111111111111111111111111111111111111111111111111111111111111111111111111111111111111111111111111111111111111111111111
111111111111111111111111111111111111111111111111111111111111111111111111111111111111111111111111111111111111111111111111111111111111111111111111111111
111111111111111111111111111111111111111111111111111111111111111111111111111111111111111111111111111111111111111111111111111111111111111111111111111111
111111111111111111111111111111111111111111111111111111111111111111111111111111111111111111111111111111111111111111111111111111111111111111111111111111
111111111111111111111111111111111111111111111111111111111111111111111111111111111111111111111111111111111111111111111111111111111111111111111111111111
111111111111111111111111111111111111111111111111111111111111111111111111111111111111111111111111111111111111111111111111111111111111111111111111111111
111111111111111111111111111111111111111111111111111111111111111111111111111111111111111111111111111111111111111111111111111111111111111111111111111111
111111111111111111111111110111111100000000000010110000001100000000000000000010000000000000011000001110000000000000010011110000111000110111111111111111
111111111111111111111111110111111100011100000010110000001100000000000000000010000000000000011000001110000000000000010011110011111000110111111111111111
111111111111111000000000000111110000001100111110110000000000000001110011100010000000000000000000000000111000000000010000000011111011000111111111111111
111111111111111000000000000111110000000000111100011111110000111011000011001111111111111111000000000000000000000000010000000000110011110111111111111111
111111111111111000000000000100100001110001100000011111110000100000000000000011111111111111000000111000000000111000011111100000110000110111111111111111
111111111111111000000011000000111111110000000000011111111100100000001100000011111111111111100000000000000000000111010001111100000000000111111111111111
111111111111111111111111000000111111110000000000011111111100001110000000000011111111111111100000000000000000000111010110011000001110000111111111111111
111111111111111111111100100000000000001111000000000000000100000001110110011110000000000000000000000000000000000000010110011011111110111111111111111111
111111111111111111111100000000000000001111000000000000000000000000000000000110000000000000000000000000000111000000010011000001101111110111111111111111
111111111111111110000000000100001100000000111100000000000000111100000011100110000000000000000000000111000000000111010011000001101111110111111111111111
111111111111111110111111100000001100001110111100011100000000111100000000000010011110011110000000000000000000000000011100000111100011111111111111111111
111111111111111000011111100000110011001110111110001100000000111100000010000010111111011110100001000000000000000000011100111110000000011111111111111111
111111111111111110000000000111100000000001100000000011111100000000000010000011111111111111110011111111111111111111110000000110001110000111111111111111
111111111111111110000000000111100000000001100110000011111100000000111110000011111111111111110011111111111111111111110000000000000000000111111111111111
111111111111111110000000001111100000001000000010000000000000000000111110011110011111011110000000000000000011111111100000001101110001100111111111111111
111111111111111110000000001100111111000000000010000000000000100000000000011111011110011111000001100000011110001111100000001100000001100111111111111111
111111111111111000000001000000111111000000000010000011111000100000000000011111011110011110000001100000011111101111110111000000001100000111111111111111
111111111111111011111001110100111111001111100000000011111000100000000000000001000001110000000000000000001111000111110000000000001100000111111111111111
111111111111111111110000110000110000001111000000011100000000000000000000000000000001110000000000000000000011100111111000000000001100000111111111111111
111111111111111111111000000000110111001111100000010000000000000000000000000000000000000000000000000111000011011111111000000111001100000111111111111111
111111111111111000011001000000000011001101100000010000000000000000000000000000000000000000000000000000000011000001101000000000001101110111111111111111
111111111111111000000001111100000000000000111100000011000000111110000000000000011100010000000000000000000000000000000000000000000000000111111111111111
111111111111111000000001111111100000001110111100000000011100111110111111100000011100010000000000000000000000000000000000000011000000011111111111111111
111111111111111000000000000111100000000000111100000000000000000010111111110000011100010000000011111000111000000000000011100011111000011111111111111111
111111111111111000000001111111100000000000000000000000000000000000111111110000001110001111111111111110000011100011100000000011000000111111111111111111
111111111111111111100001111100011111000000000000011111000100000000111111110000001110001111111111111110000000011000000000000000000000000111111111111111
111111111111111111100000011100011111000000000000000111000100000000000000000000000000001111111100000000000000011000000000001100000111100111111111111111
111111111111111111100000011100111111000000000111100111000100000000010001110011111011100001110011100000000000000000000000001100000111100111111111111111
111111111111111000000000000000000000000000000111100000000000111100010001110011111011111101110011100000000000000011100111000000000000000111111111111111
111111111111111000000000000000000011100000000001111111001100111100010001110011111011111100000011100000000000000000011000000000000000000111111111111111
111111111111111000000000000000000011111111111000011111001111100000000000000000000000000000000000000000011100000000011000000000000000000111111111111111
111111111111111000000000001100000011101111111000000111001111100100000000000000000000000000000000000000000110000000011000000011111001110111111111111111
111111111111111000000000001100100000000011111000000000000000010000000000001011100111000000000000000000000110111011000000000000011000000111111111111111
111111111111111001111001111000000000000000011000000000000000000000000000001011100111000000000001111111100110000011000000000000011000000111111111111111
111111111111111001111001111000000000000000001110011111100000000000100000001000000111000000000001111111100000000000000001110000000000000111111111111111
111111111111111000000000111000000000000000001110011111100000011111100000000000000000000000000001111000000000000000000000000000000000000111111111111111
111111111111111000000000000111110111000000000000011110000000011111100011111110000011111011110000100100000000000000000000000000000000000111111111111111
111111111111111111000000000111100111000000000111100000000000011111000011111110000001111011110000100111111111111111111111111111111111111111111111111111
111111111111111000000000000000000000001111001111110000001111000000000011110000000001000011110000100111111111111111111111111111111111111111111111111111
111111111111111000000001000000000000001111011111110001111111100000000011110000000001000000000000000100011100000111101111000011100000000111111111111111
111111111111111001111001000000000000000000011111100001111111100011100000001111111101000000010000000100011100000111101111000011100000000111111111111111
111111111111111011111000000111000000000000011101100000001111100011100000000111111110000000010000000100000000000000000000000000000000000111111111111111
111111111111111011000000000000000000000000000000000000000000000000000100000001111110000000010011100100000011110000000000111100000000000111111111111111
111111111111111000111001111100000000000111000000000000111100000000000100111000000000000000000000000100000011110000000000111100001110000111111111111111
111111111111111100111001111100000000000000000000000000111110000000000100111000000000011000000000000100000011100000000000111000001110000111111111111111
111111111111111000000000000111100000000000000100000000111110000000001110000000000000000011110000000100000000000000000000000000000000000111111111111111
111111111111111000000000000111100000000111100100000000111110000000001110000000001110000011110000000100111000111111111111110001110000000111111111111111
111111111111111000000000000111100000000111000111110000111100000100000000000111110000110011110000011100111000111111111111110001110000000111111111111111
111111111111111000000000000111100000000111100111110000111101111111110001100110111100110000000000110100000000111111111111110000000000000111111111111111
111111111111111000000000000000001111100000000111000000000001111111110001100110001100000000000000110100000000000000000000000000000000000111111111111111
111111111111111111100000000000000111100000000000000000000001111011111000000000000001101110000000000100000000000000000000000000000000000111111111111111
111111111111111111100011111000000000000000000000000000001110000000111000011111111111100011000000000100000000000000000000000000000000000111111111111111
111111111111111000000011111001111000000000111100000000000000000000011001111111111111100011000000000111111111111111001111111111111111111111111111111111
111111111111111000000100000001111000000100111100000000000000000000011001111111111111100000000000000111111111111111001111111111111111111111111111111111
111111111111111000000000000000000000000000000000000000000000000000000001101111111110001100000001110000000001111110000111100000000000000111111111111111
111111111111111000000000000000000000000000000000000011111001111111000000001111111110001100000000001100000000011100000011100000000000000111111111111111
111111111111111000000000000000000000001000000000000011111001111000000000001111111110000011110000001100000110011100000011100000000000000111111111111111
111111111111111000000000000011101110000000000000000000011100000000110110000000000000000011000000000001110110000011001100000000000000110111111111111111
111111111111111111100000111011101110000001110000000000000000000000110111110000000000000000000000000000000000000011001100000001100000000111111111111111
111111111111111111100000000000001110000000000111100000001110000000000000001100000011011100000000000001100000000000000000000000000000000111111111111111
111111111111111000000111100000000000000000000111101111001110000110000000001111110011000000000000011101100000000000000000000000000000000111111111111111
111111111111111000100111100000000001111000100111101111000000001110000110000000110000001101110000000000000000110000000000000000000000000111111111111111
111111111111111000000000000000000001111000110000001111000000000000011110000000000000001100000000000000000000000000000000000110000110000111111111111111
111111111111111111000000000000000011111000000000000000000111000000000000000110001100000001100000000000000000000000000000000000000000000111111111111111
111111111111111000000000001111100000001110000000000000000000001100000000001100011000000001100000000000000000000000000000000000000000000111111111111111
111111111111111000000111001111100000000000000001100000000000000001110001111100011011100000000000000000000000000000000001100000000000110111111111111111
111111111111111110000111111111111111111111111111111111111111111111111111111111111111111111111111111111111111111111111111111111111111111111111111111111
111111111111111113333111111111111111111111111111111111111111111111111111111111111111111111111111111111111111111111111111111111111111111111111111111111
111111111111111111111111111111111111111111111111111111111111111111111111111111111111111111111111111111111111111111111111111111111111111111111111111111
111111111111111111111111111111111111111111111111111111111111111111111111111111111111111111111111111111111111111111111111111111111111111111111111111111
111111111111111111111111111111111111111111111111111111111111111111111111111111111111111111111111111111111111111111111111111111111111111111111111111111
111111111111111111111111111111111111111111111111111111111111111111111111111111111111111111111111111111111111111111111111111111111111111111111111111111
111111111111111111111111111111111111111111111111111111111111111111111111111111111111111111111111111111111111111111111111111111111111111111111111111111
111111111111111111111111111111111111111111111111111111111111111111111111111111111111111111111111111111111111111111111111111111111111111111111111111111
111111111111111111111111111111111111111111111111111111111111111111111111111111111111111111111111111111111111111111111111111111111111111111111111111111
111111111111111111111111111111111111111111111111111111111111111111111111111111111111111111111111111111111111111111111111111111111111111111111111111111
111111111111111111111111111111111111111111111111111111111111111111111111111111111111111111111111111111111111111111111111111111111111111111111111111111
111111111111111111111111111111111111111111111111111111111111111111111111111111111111111111111111111111111111111111111111111111111111111111111111111111
111111111111111111111111111111111111111111111111111111111111111111111111111111111111111111111111111111111111111111111111111111111111111111111111111111
111111111111111111111111111111111111111111111111111111111111111111111111111111111111111111111111111111111111111111111111111111111111111111111111111111
111111111111111111111111111111111111111111111111111111111111111111111111111111111111111111111111111111111111111111111111111111111111111111111111111111
111111111111111111111111111111111111111111111111111111111111111111111111111111111111111111111111111111111111111111111111111111111111111111111111111111
111111111111111111111111111111111111111111111111111111111111111111111111111111111111111111111111111111111111111111111111111111111111111111111111111111
111111111111111111111111111111111111111111111111111111111111111111111111111111111111111111111111111111111111111111111111111111111111111111111111111111