111111111111111111111111111111111111111111111111111111111111111111111111111111111111111111111111111111111111111111111111111111111111111111111111111111
111111111111111111111111111111111111111111111111111111111111111111111111111111111111111111111111111111111111111111111111111111111111111111111111111111
111111111111111111111111111111111111111111111111111111111111111111111111111111111111111111111111111111111111111111111111111111111111111111111111111111
111111111111111111111111111111111111111111111111111111111111111111111111111111111111111111111111111111111111111111111111111111111111111111111111111111
111111111111111111111111111111111111111111111111111111111111111111111111111111111111111111111111111111111111111111111111111111111111111111111111111111
111111111111111111111111111111111111111111111111111111111111111111111111111111111111111111111111111111111111111111111111111111111111111111111111111111
111111111111111111111111111111111111111111111111111111111111111111111111111111111111111111111111111111111111111111111111111111111111111111111111111111
111111111111111111111111111111111111111111111111111111111111111111111111111111111111111111111111111111111111111111111111111111111111111111111111111111
111111111111111111111111111111111111111111111111111111111111111111111111111111111111111111111111111111111111111111111111111111111111111111111111111111
111111111111111111111111111111111111111111111111111111111111111111111111111111111111111111111111111111111111111111111111111111111111111111111111111111
111111111111111111111111111111111111111111111111111111111111111111111111111111111111111111111111111111111111111111111111111111111111111111111111111111
111111111111111111111111111111111111111111111111111111111111111111111111111111111111111111111111111111111111111111111111111111111111111111111111111111
111111111111111111111111111111111111111111111111111111111111111111111111111111111111111111111111111111111111111111111111111111111111111111111111111111
111111111111111111111111112222211111111111111111111111111111111111111111111111111111111111111111111111111111111111111111111111111111111111111111111111
111111111111111111111111110000011111111111111111111111111111111111111111111111111111111111111111111111111111111111111111111111111111111111111111111111
111111111111111100000001110000011111111111111111111111111111111111111111111111111111111111111111111111111111111111111111111111111111111111111111111111
111111111111111100000001100000000000000000000000000000000000000000000000011111111111111111111111111111111111111111111111111111111111111111111111111111
111111111111111100000001100000000000000000011100000000000000000000000000011111111111111111111111111111111111111111111111111111111111111111111111111111
111111111111111100000000000000001011100000011100000000000110000000000000001111111111111111111111111111111111111111111111111111111111111111111111111111
111111111111111100000000000000001011100000000000000100000110000000000000001111111111111111111111111111111111111111111111111111111111111111111111111111
111111111111111100000000000000001000000000000000000100000000110000000000000001111111111111111111111111111111111111111111111111111111111111111111111111
111111111111111100111000000000000000000000000000000100000011100011111110000001111111111111111111111111111111111111111111111111111111111111111111111111
111111111111111100111000000000000000000000000000000000000011100011111110000000000011111111111111111111111111111111111111111111111111111111111111111111
111111111111111100000000110000000000000000000000000000000000000011111100000000000011111111111111111111111111111111111111111111111111111111111111111111
111111111111111100000000110000000000000110000000000000000000000011111111111110000000000111111111111111111111111111111111111111111111111111111111111111
111111111111111100000000000000000000000110000011000000000000000011111111111110000000000111111111111111111111111111111111111111111111111111111111111111
111111111111111100010000000000000000000000000011000000000000000011111111111111111110000111111111111111111111111111111111111111111111111111111111111111
111111111111111100010000000000000000000000000000000000000000000011110101111111111110000111111111111111111111111111111111111111111111111111111111111111
111111111111111100010100000000000111110000000000000000000000000000010000000001011000000011111111111111111111111111111111111111111111111111111111111111
111111111111111100000100000000000111110000000000000000000000000001110000000001011000000011111111111111111111111111111111111111111111111111111111111111
111111111111111100000000110000000011110001100000000000000000000000000000000001000000000001111111111111111111111111111111111111111111111111111111111111
111111111111111100000000110000000000000001100000000000000000000000000000000001000000000001111111111111111111111111111111111111111111111111111111111111
111111111111111100000000000000000000000001100000000000000000000000000000000001000000000000111111111111111111111111111111111111111111111111111111111111
111111111111111100000000001100000000000001111100000000000000000000000000000001000000000000111111111111111111111111111111111111111111111111111111111111
111111111111111100000000001100000000000000011100000000000000000000000000000000000000000000011111111111111111111111111111111111111111111111111111111111
111111111111111100000000000000000000000000000000000000000000000000000000000000000000000000000000111111111111111111111111111111111111111111111111111111
111111111111111100000000000000000000110000000000000000000000000000000000000000000000000000000000111111111111111111111111111111111111111111111111111111
111111111111111100000000100100000000110000000000000000000000000000000000000000000000000000000000000000000000000000000000000000000000000111111111111111
111111111111111101100000100100000000110000000000000000000000000000000000000000000000000000000000000000000000000000000000000110000000000111111111111111
111111111111111100000000100000000000000000000000000000000000000000000000000000000011000000000000000000000000000000000000000000000000000111111111111111
111111111111111100000000000000000000000000000000000000000000000000000110000000000000000000000000000000000000000000000000000000000000000111111111111111
111111111111111100000000000000001110000000000001100000000000000000000110000000000000000000000000000000000000000000000000000000000000000111111111111111
111111111111111100000000000000001110000000000011000000000000000000000110000000000000000000000000000000000000000000000000000000000000000111111111111111
111111111111111100000000000000000000000000000000110000000000000000000000000000000000000000000000000000000000000000000000000000000000000111111111111111
111111111111111100000000000000000000000000110001100000000000000000000000000000000000000000000000000000000000000000110000000000000000000111111111111111
111111111111111111100111000000000000000000000001101100000000000000000000000000000000000000000000000000000000000000000000000000000000000111111111111111
111111111111111111100111000000000000000000011001100000000000000000000000000000000000000000000000000000000000000000000000000000000000000111111111111111
111111111111111100000000000000000000000110000000000000000000000000000000000000000000000000000000000000000000000000000000000000000000000111111111111111
111111111111111100000000001100000000000011000000000110000000000000000000000000000000000000000000000000000000000000000000000000000000000111111111111111
111111111111111100000000000001100011000011011011000000000000000000000000000000000000000000000000000000000000000000000000000000000000000111111111111111
111111111111111100000000011000000000011011000000000000000000000000000000000000000000110000000000000000000000000000000000000000000000000111111111111111
111111111111111100000000000001100000000000000111100110000000000000000000000000000011100111000000011100111001110011100111000000000000000111111111111111
111111111111111100001100011000011011011001100000000000000011000000000000000000000011111111000000011111111111111111111111110000000000000111111111111111
111111111111111100000001100111100000000011110001100000000000000000000000000000000011111111000000011111111111111111111111110000000000000111111111111111
111111111111111100110000000000110011001111111100000000000000111100000110000000000011111111000000011111111111111111111111110000000000000111111111111111
111111111111111100000011011011111100000011110000001100000000000000000000000000000010000000000000000000000001111100000000010000000000000111111111111111
111111111111111100000001111011110011011000000001100000000110001100000000000000000010000000000000000000000001111100000000010000000000000111111111111111
111111111111111100001101100000000110000011000000000000110000000000000000000000000011000011000000001100000001111100000001110000000000000111111111111111
111111111111111100000001100110110000110000000110000000000000000000000000000000000011000010000000001000000001111100000110010000000000000111111111111111
111111111111111100000000001100011000000000110000000001100000000000000000000000000011000000000000000110000001111100000110010000000000000111111111111111
111111111111111100011001100000000110011110000000110001100000000000000000000000000011000000000000000110000000011000000000010000000000000111111111111111
111111111111111100000110001101100001100000000110000001100000000000000000000000000011000000000000000000000000000000000000010000000000000111111111111111
111111111111111100000001100000001100110011110000110000000000000000000000000000000011001100000000000000001100000000000000010000000000000111111111111111
111111111111111100110000011011110011111100000000000000000000000000000000000000000011001100000000000000001100000110001100010000000000000111111111111111
111111111111111100000110000011000000110000110110110000000000011000000000000000000011000000000000000000000000000000000000010000000000000111111111111111
111111111111111100000000011011110011000110000000011000000000000000000000000000000011000001100000000000000000000000000000010000000000000111111111111111
111111111111111100000000000000000000011000110000000110000000000000000000000000000011000000000000001100000000000000000000010000000000000111111111111111
111111111111111100000001101100000110000001100110000000000000000000000000000000000011000001110000001100001110000000000000010000000000000111111111111111
111111111111111100011000000001100110000001100011110000000000000000000000000000000011000001110000001100001110000010001100010000000000000111111111111111
111111111111111100000000000000000110111101100011000000110000000000000000000000000010011000000000001111111111111100001100010000000000000111111111111111
111111111111111100011011011000110000110000001111000000000000000000000000000000000010011000001100001111111111111100000000010000000000000111111111111111
111111111111111100000000001100000011110111111000110000000000000000000000000000000010000000000011000000000001100000000000010000000000000111111111111111
111111111111111100000000011111100000111101111000000000000000000000000000000000000010110000000000000000000000000000000011010000000000000111111111111111
111111111111111100000011011110001100000001111111101111001100000000000000000000000010001100110000011011000000000000000000010000000000000111111111111111
111111111111111100011000011110000001100000000000000011000000000000000000000000000010000000000110000000110000000001101100010000000000000111111111111111
111111111111111100000001100000110000001100000000000011000000000000000000000000000011001100000000001100110000011000001100010000000000000111111111111111
111111111111111100000000000011000110111111001101100000000000000000000001100000000010000000110011000000000000000000000000010000000000000111111111111111
111111111111111100000110011011000000111100110000000110000000000000000000000000000010000000000000000000000000000000000000010000000000000111111111111111
111111111111111100000110000011000000111100000000000000011000000000000000000000000010000000000000000000000000000000000000010000000000000111111111111111
111111111111111100000110011000001100111100000000110000000000000000000000000000000010000000000000000000000000000000000000010000000000000111111111111111
111111111111111100011110000000000000111101100011110000000000000000000000000000000011111111111111111111111111111111111111110000000000000111111111111111
111111111111111100000000000011011000111100000000110000000000000000000000000000000000000000000000000000000000000000000000000000000000000111111111111111
111111111111111100000000000011000000000001101100000011000000000000000000000000000000000000000000000000000000000000000000000000000000000111111111111111
111111111111111100000001101111000000000000000000000000000000000000000000000000000000000000000000000000000000000000000000000000000000000111111111111111
111111111111111100000000000000000000110000000000110000000000000000000000000000000000000000000000000000000000000000000000000000000000000111111111111111
111111111111111100000000000000110000000000000000000000000000000000000000000000000000000000000000000000000000000000000000000000000000000111111111111111
111111111111111111111111111111111111111111111111111111111111111111111111111111111111111111111111111111111111111111111111111111111111111111111111111111
111111111111111111111111111111111111111111111111111111111111111111111111111111111111111111111111111111111111111111111111111111111111111111111111111111
111111111111111111111111111111111111111111111111111111111111111111111111111111111111111111111111111111111111111111111111111111111111111111111111111111
111111111111111111111111111111111111111111111111111111111111111111111111111111111111111111111111111111111111111111111111111111111111111111111111111111
111111111111111111111111111111111111111111111111111111111111111111111111111111111111111111111111111111111111111111111111111111111111111111111111111111
111111111111111111111111111111111111111111111111111111111111111111111111111111111111111111111111111111111111111111111111111111111111111111111111111111
111111111111111111111111111111111111111111111111111111111111111111111111111111111111111111111111111111111111111111111111111111111111111111111111111111
111111111111111111111111111111111111111111111111111111111111111111111111111111111111111111111111111111111111111111111111111111111111111111111111111111
111111111111111111111111111111111111111111111111111111111111111111111111111111111111111111111111111111111111111111111111111111111111111111111111111111
111111111111111111111111111111111111111111111111111111111111111111111111111111111111111111111111111111111111111111111111111111111111111111111111111111
111111111111111111111111111111111111111111111111111111111111111111111111111111111111111111111111111111111111111111111111111111111111111111111111111111
111111111111111111111111111111111111111111111111111111111111111111111111111111111111111111111111111111111111111111111111111111111111111111111111111111
111111111111111111111111111111111111111111111111111111111111111111111111111111111111111111111111111111111111111111111111111111111111111111111111111111
111111111111111111111111111111111111111111111111111111111111111111111111111111111111111111111111111111111111111111111111111111111111111111111111111111