111111100001110011111111100001110000000011110000000111000000011101110000000000001111110000000000000111100000001110000001111000000000111111000111001111
111111111111111111111101111111111111111011111110000111011110011101110111001110001111110011110000000111100000000000000001111000011111111111000111001111
000000011110011111111101111111001111111011111111111110011111111101110111001110000001110011110000001111100000000001111000000000111111111011110000000000
001111111111111110000001111111111111111000011111111111111111110001110111011110111001110011111000001111100000000001111011100000111110000011110001111111
111111111111110000111111100111110000000011111111111111111111111111110011111100111001110011111000001110000000000001111011100000111110000011110001111111
111111111111110111111111100111111110111111110011110001111111001111110011111100111111110000111000000000000000000001111011100000000000000011110001111111
111000000011110111111111111100011110111111110011111111111111001111110011110000001111111111111111111111111111111111111111111111111111111111111111111011
111111111011110111100111111111111111111100000011111111111000000001110000111000001111111111111111111111111111111111111111111111111111111111111111000011
111111111011111011110111111111100011111110111100011111111111100001111111111011110001111111111111111111111111111111111111111111111111111111111111000011
111111111111111011111111000011100011111110111100000000000111101111111111111011110001110110000011110000000000000001110001111100110011100000000111000000
111110000111111011111111001111001111011110111111111110000111111111111111001111111111110110001111110011001111100001110001111100110011100000000111111011
011111111111111111001111111111001111110111111011111111111001111111110000011110001111110000001111000011001111100000110001110000000011111111000111111011
011111111000111111001111111111001111110111100011111111111001110001110000011110001111111110000011001100111011011000000001110000011100011111000111111011
100011111000111111110000111110000001111111100000111001111001111001110111011111110001111110001111001100111010011000000111110011011100000111000111000011
111110000111100011110111011110111100111100011110111000011111111111110111000011110001111110001110000000111000000000000111110011011101100000000111011100
111111111111100011110111011110111100111100011111111111111111111111110111000011111111111110001111100011000011111111100000011001100001100110000111011100
111111111111110001110111001110111100011111011111111111111110000111111000111100001111111111100001100011111011111111101111111111100000000110000111011100
111001111001111101110001111110000011111111011101111111100000000111110000111110001111111111100000001110111011111111101111111110000110000000111111000000
111110001111111101111111110000000011111111011100000000000000000111111110111110000001110000111000001110111011111111101111111110000110000111111111000000
011110001111111100001111111100000011111111111111111111111111111111111110001110011001111111111001101110000111111100000000000000000000000111111111011110
111111111111111111111111111111111111111111111111111111111111111111111111111111111111111111111111111111111111111111111111111111111111111111111111111111
000000000000000001200000111110011100011001110011111111111111111111110000111011111111111111000111111011100001110000111111011011101110000000000111011110
000000000000000001200000111000011100011000000011100111000000111000000000111011111111110011000111111001110000000000111111010011101111000000000111011110
000000000000000001200000001111100000011000000011100111011000111000000000000011100000110011000111111001110000001111100000010110000011000000000111000011
000000000000000001200000001111100000000000001111111111011000000000000000000011100000110000000000000001111111101111100110010110000000000000000111000011
000000000000011101200000001111100000000000001111111111000000000000000000000000000000000000000000000000001111101110111110010111100001110000000111000011
001111000011111101000000000000000000000000001111111111000000000000000000000000000000000000000000000000001110001110111000010111100001110000000111110011
001111111111111101000000000000000000000000001100000111000000000000000000000000000000000000000000000000000000001110111000111110111001110000110111110000
001111111111100001000000000000011101110000001100000111000000000000111111111111100000000000000000000000000000001110000000111100111000000000110111111111
000000111111111111111111100110011101110000000000000111000000000000111111111111100000000000110000000000000011000000001100111000111000000000110111111111
110000011111111111111111100110110001110000000000000111000000001110111111111111100000000000110000000000000011001110001100010000000000000000000111111111
111111011111111111111111111110110000000000000000000111000000001110111000000001111000000000000000000000000011001110001100010000000001100000000111000000
111111011111100001000011111110110000011000000000000111000000000000111000000001111000000000000000000000000011000000001100010000000001100000000000001100
001111011011100001000011100110000000011000000000000111000000000000111000000011110000000000000011000000000011000000001100011000000001100000010000001100
000011011011100001000011100000000000000000000000111111000000000000111000000011000001100000000011000000000000000001110000010000000000000000000000001100
111111011011100001000011111111111111110000000000111111111000111111111000011000000001111100000000000000000000000001110000010000011000000011000000000011
111100000011111111110011111111111111110000000000000111111000111111111000011000001100011100000011011000000000000110000000010000011000000011100011000011
111100000011111111110011111111111111110000000000000111111000111111111110011000001100011100110011011000000000000110000000010000011001111001100011000001
000011000011100001000000000000001111110000000000000111000000000001100110011000000000000000110000011000000000001000000000010000011001111001100011000001
111111000011111111000000000000001111110111000000000111000000000001100000011000000000000000000000011000000000001100001100010000111000000000000000001000
111111000011111111000000000000000001110111000000000111000000110000000000000000000000000000000110011000000000001100001100010000111000010000000000000010
111100000011111111000000000000000001110000000000000111000000110000000000000000110000000000000110000000000000001100001100010000111000000000000000110000
000011110011100001000000000000000000000000000000000111000000110000000000111100110000000000000110000000000000001100001100010000111000000001100000110011
000011110011100001000000000000000000000000000011111111000000110000011000111100110000001100000110000000000000001100001111110000011000000001100010000011
000011110011111111000000000000000000000000000011111111000000110000011000000000110000001100000110000000000000000000000011110110000001111111100000000011
000000110011111111011100000011000001110000000011111111000000000000000000000000110000001100000000000000000000000000000111110110001101111110011000000000
001101111011111111011100000011000001111111111111100000000000001100000000000000000001101100000000111000000000000000000111110110001101100000011001000000
001101111011100111110000000000000001111111111111100000000001101100000000000000000001101100000000111000000000000000000000110110001100000000011000000000
001101111011100111110000000000000001111111111111110000000001100000000000000110000000000001100000111000000000011000000111110110000000000110000110011011
111011110011100111111110000000000000000000001110110000000000000000000000000110000110000001100000001110000000011000000111110000000000110110000110011011
111011110011100001001110000000011000000000000000110000001111000000000000000110000110000001110000001110000000011000010000010000111000110000000000011000
111011110011100001000000111000011000000000000000000000001111001100000000000110000000000001110000000000000000011000000000011100111000110000000000000000
111111110011100111110000111000011000000000000000000000001111001101100000000110000000000000000011100000000000011000001100011100000000110000011000000010
111111111111101111110000111000011110000000000000000000000000001101111111000000000000000000000011100000000000000000001100011000000000110000011000110000
111111111111100111111111000110011111100000011000000000000000000000011111001110000111000000000000000000000000000000001100011000000000110000011000110011
011100001111100111111111000110000001100000011011110001100000000000000011001110000111000011000000000000000000000000001100110010001100000011000000110011
011111111111100111111111000000000001100000000011110001100000011110000000000000000000000011000000000000000000000000001100010000001100000000111100000011
011111111111101111110000000011100110001110000000000001100100011110000000111000000000000011000000011000000000000000001100010000001100000000111100000011
011111111111111111000000011011100110001110000000000000110011100000000000111001100000000000000000011000000000000000001100110111001100011000000000000001
111100000011111111111100011011100000001110001100000000110011101110110000111001100000000000011100011000000000000000001111110111001100011000000011000000
111000000011111111111100011000000000000000001100001111000000001110110000000001100000000000011100000000000000000000000011110111000000011000110011000000
110000011011100001000000000000000000000111111101101111000000001110110000000000000000000000000000000000000000000000000000110111000000000000110011000001
000011011011100001000000111100000001100111100001101111000011000000000000011000000000000000000000000011000000000000000000110111000000100000110000001101
000011011011100001000000111100000001100111100000000000000011000110100111011000000000001100000000011011011100000000000000310111000000000000000000001100
000011000011111111111111111111111111100111100000000000000011000110000111011111000110001100000000011011011100000000000000310011000000000001000000001100
000000111011111111111111111111111111111100000000000000000000000000000000000111100110001100000110000000000000000000000000310000011000000000000000000000
011000111111111111111111111111111111111100001100001000000001000001110000000111000110000001110110100000000000000000000000311100011000000000000000100000
011000000110000001000011110000110111111100001100000000000000000001110000000000000000000001110000000000111000000000000000311100011000011111100000000000
011001100110000001011011110000110111011110000000000000111100000001110000000000000000000000000000000010111000000000000000310000000000011111100000000011
111101100001100111011000000000110111000000111000011000111100111000000001111101110000001110000000000000000000010000000000310000000000011000001100000011
111101111111100111011010000010000111011000111000011011000000111000111001111101110000001110000011000000000000000000000000310000000000000000001100000011
111100011111100111001111001100000111011011000000011011001000011110111001100000000011001100000011000111000000000000000000310000000000000000001100000111
000000011110000001001111001100000111011011001111000000001010001110001000000000000011000000001111000111000110000000000000310000000000000000000000000111
110111111000000001001111001100000111011000001111000000000110111110000001110000000111011100001100000100000110111111000000310000000000000000000000000000
110111111000110101001111000111010111011000001111111101000110001110110001110011100000011100001100000000000110111111000000310000000000000000000000000000
110111111000110001111111000111010111000001000111111100000111111000110001110011100000000000000000000000000000110000000100111100000000000000000000000000
010000000000110001111111111111010111111111111111111111001100011000000001110000110011100000110000000000000011100001100000111100000000000000000000000000
111111111111111111111111111111111111111111111111111111111111111111111111111111111111111111111111111111111111111111111111111111111111111111111111111111
100001100110000000000000000110000111111111111111111111011110000000000000000000000011101000110001110000001100011000000000000001000000110000000000000000
000001100110001100000110000000000111100000000000000111011110000000110001110000000011100000000000001000000000011110000000110000000000110010000000000000
000001100000001101111110000000011110000000100111100111000000000000110001110000000001100000001100000001100000011110011100110000110000110000000000000000
001100001100001101111111111000011110001100110111100111111000011000110000000001100000001110001100000001100111011110011100110000110000000000000000000000
001100001101100001111001111011000000001100110111100111111010011000000000000001100000001110001100000001100111011000000000000000110000000000000111100000
111101100001100001111001111011000000001100000111100111111000011000000000000001100000000000000000000000000000000000000000001000000000000000110111100011
110001100001100000110001111011000000000000000000000111111000000000000000000000111100000000000000110000000000000000000000001100000001100000110000000011
110001101100000110110000000000000110000000000000000111000000000000001101000000111101100000000110110000000000000000110001101100000001100000110000000011
000000001100000110000100001100110111100000001100000111000000000000001100000000000001100000000110110011110000000000110001101100000001100000000000000000
000000101100000110000000001100110111100100001100000111000000000011001100011000000001100110000110000011110011000000110001100000011000000110000000000000
000000000000000000000000110000110001100011001100000111000001100011011000011001011000000110000000000011000011000000000000000000011000000110000000001100
000110000000110100011000110000110000000011000000000111011001100011011000011000011000000110000000000000000011000000000000001100011000000110000011001100
000110000000110000011000110000110000000011000001100111011001100000000000000000011000000000000000000000000000000110000011001100000000000000000011001100
111110001100110000011000001100000000011000011001100111011000000000000110000000000110000000000001100000000000000110000011001100000110010000000011000000
111100001100000011000000001100000000011000011001100111000000000110000110000000000110000000000001100110000000000110000011000000000110000000110000000000
111100001100000011000110001100000000011000011000000111000011000110010110001100000000011000110001100110000000000000000000000000000110000000110111100000
000001100000000011000110000000001100000000000000000111000011000110000000001100000000011000110000000110011000110000001100000000110000000000110111100000
100001100001100000000110000000001101100000000000000111000011000000000000001101100011011000110000000000011000110000001100000000110000001100000000000000
100001100001101100001110000011001101100000000000110111001100110000000000001001100011000000000000000000011000110000001100000000110000001100000000000110
011000000001101101101110110011000001100011000110110111001100110001100011000001100011000000000000001100000000000001100000011011110000001100000000000110
011000001100000001101110110011011000000011000110110111001100110001100011000000000011000000000011001101111000000001100000011011110110000000000000000110
011010001100000001101110110011011000100011000110000111000000000001100011000000010011000001100011001101111011111101100110011000000110000010000011000000