001110000000011111100011100011100011101110111001110011100111000000000011101110011100000001110011101110111000111011111100111111111011101110011101111111
001110111000011111100011100011100011101110111001110000111111000011110011100000011100000001110011101110111000000011100111111111111011101110011101111111
001110111000111011100001011100000011111000111000011100111111000011110011100001111100001110011011100000111111000011100111000111000011100011110111001111
001110111000111000011101011100000000111000000000011100111101110011110000110001110001111110000000011100111111111000011111111111011111100001110111000111
001110011100111000011101111100000000111000111111011101111101110000001110011101110001111110111000011100111111111110011100111111011110000001110111011111
001110011100001100011101100111110111000000111111000001110001110000001110011100000001110111111001111100111000111001110000111111111011100111000110011111
000111011100000000111011100111000111000111111111000001111110011100001111111111000000000111111000011100111011110001110011100111111011100111001110011101
000111000000011100111011100111000111000111101110000111001110011100000001100111100111000011100000011100111011110001110011100111111111100111001110000001
000111000000011100111011100000000000000111101110111111111110011101110011100011111111011111100000011100111011110011100011100111000011110001111110111101
111000000000011100000001000000000000000111001111111111110000000001110011100011111111011111100000000000111000110011111100111111011111110001110111111101
111000000000000000111001001111110000000111000011111001110001110001110011100000011100011100011111111110111000000011111100111111011111111001110111011101
111000000000000000111001001111110011100111111000011100000001110000000001101110000000000111111001111110111000000000011111111111011110011011111111111111
000000000000000000111001001111110011100000111000011100111001110000111000001110111000000111111001111110111000000000000011100111011111111011111111111111
011100000000000000000011100000000011100000000000011111111000000000111000001110111001110111111000000000111000000000111000000111011111100011111111111111
011100111000000000000011100000000000000000000000000000111011100000111000000000111001110000000000000000111000000000111000111111000011111011111111111111
011100111000000000000001000000000011100001110011000000000011100000000111000000000000000000000000000000111000000000111000111111001110111011111111111111
111111111111111111111111111111111111111111111111111111111111111111111111111111111111111111111111111111111111111111111111111111111111111111111111111111
111111111111111111111111000000000011100001110000001100000000000001110111001111011000000000000000000000000000000000001111110111111111111111111111111111
111111111111111111111111000000000000000000000000000000000000000001110000001111000000000000000000000000000000000000001111110111110111111111111111111111
111111111111111111111111000111000000000000000000000000000000000000000000001111000000000000000000000000000000011000000001110111110111111111111111111111
111111111111111111111111000111000000000000000000000000000000001110000000000011000000000000000000000000111000000000000000000111000011111111111111111111
111111111111111111111111000111000000000111000000000000000000001110111000000011000000000000000000000000111000000000000000000111011011111111111111111111
111111111111111111111111200000000011100000000000011100111000001110111000000011000000000000000000000000111000111000000111111111011111111111111111111111
111111111111111111111111200000000011100000000000000000000000000000000000000000000000000000011000000111111000111000000111111111011111111111111111111111
111111111111111111111111200000000011100000000000000000000000000000000000000000000000000000011111111111111000000000000111111111000111111111111111111111
111111111111111111111111100000000000000000000000000000000000000000000000000000000000001110011111111111111111111110011111111111111111111111111111111111
111111111111111111111111100000000110000110000111000000000000000000000000000000000011000000011111111111111111111110011111111111111111111111111111111111
111111111111111111111111100000000110000000000000000000000000000000000000000000000000000000011100000000111111111110011111111111111111111111111111111111
111111111111111111111111100000000110000000000000000000000000000000000000000000000000000000011111000000000000000000000000000111000011111111111111111111
111111111111111111111111100000000000000000000000000000111000000000000000000000000000000000011100000000000000000000000000000111000011111111111111111111
111111111111111111111111100000000000000000000000000000000000000000000000000000000000000000011100000000000000111000000000000111000011111111111111111111
111111111111111111111111100000100000000000000000000000000011110000000000000000000000011000011100000000000000111000000000000111000011111111111111111111
111111111111111111111111000000000000111100000000000000000000000000000000000000000000000000011100000000001110000000000000000111000011111111111111111111
111111111111111111111111000000000000000000000000000110000000000000000000000000000000000000011100000011000000000000000000000111001111111111111111111111
111111111111111111111111000000000000000000000000000000000000000000000000000000000000000000011100111000000000000000000000000111001111111111111111111111
111111111111111111111111000000000000000000000000000000000000000000110000111000000000000000011100000000000000000000000000000111000011111111111111111111
111111111111111111111111110000000000111000000000000000000000000000000000000000000000000000000000000000110000000000000000000111000011111111111111111111
111111111111111111111111000000000000000000000111000000000000000000000000000000000000000000000000000000000000000000000000000111000011111111111111111111
111111111111111111111111000000000000000000000000111111111111111111111111111100000000000000011100000000000000000000000000000111000011111111111111111111
111111111111111111111111000000000000000000000000111111111111111111111111111100000000000000011100000000000011100000000000000111000011111111111111111111
111111111111111111111111000000000000000000000000111111111111111111111111111100000000000000011100000000000000000000000000000111000011111111111111111111
111111111111111111111111000000000000000000000000111000000000000000000000011100000000000000011100000000000000000000000000000111000011111111111111111111
111111111111111111111111000000000000000000000000111000000000000000000000011100000000000000011100000000000000000000000000000111111111111111111111111111
111111111111111111111111000000000000000001110000111000000000000000000000011100000000000000011100000000000000000000000000000111111111111111111111111111
111111111111111111111111000000000011100000000000111000000000000000000000011100000000001100011100000000000000000000000000000111111111111111111111111111
111111111111111111111111110000000000000000000000111000000000000000000000011100000000001100011100000000000000000000000110000000000011111111111111111111
111111111111111111111111000000000000000000000000111011001100000000000000011100000000001100011100000000110000000000000000000000000011111111111111111111
1111111111111111111111111111100111111111111111111111000000000000000000000011111111100011111111100000000000000000000000000000011000011111111111111111111
111111111111111111111111111110011111111111111111111000011100001110011100011111111100011111111100000000000000000000000011000000000011111111111111111111
111111111111111111111111111110011111111111111111111000011100001110011100011111111100011111111100000000110000000000000000000000000011111111111111111111
111111111111111111111111000000000000011100000111000000011100001110000000011100000000000000000000000000000000000000000000000000000011111111111111111111
111111111111111111111111000000000000011100000111110000000000000000000011111100000000000000000000000110000000000000000000000000000011111111111111111111
111111111111111111111111000000000000011100000111110001100000110000000011111100000000000000000000111000000000000000000000111000000011111111111111111111
111111111111111111111111000100000000000011000000000000000011000110000011111100000000000000000000000000000111000000000000000000000011111111111111111111
111111111111111111111111000000000000000000000000000000000001100000000000011100111000000000000000000000000000000000000000000011000011111111111111111111
111111111111111111111111000000000000011100001110000000000000000000000000011100000000000000000000000000000000001100000000000000000011111111111111111111
111111111111111111111111000000000000000011000011111111011100000000000000011100000000000000000000000000000110000000000000000000000011111111111111111111
111111111111111111111111011000000000000011011011111111011100000000000000011100000000000000000000000000000000000000000000000000000011111111111111111111
111111111111111111111111000000000000000000000011111111011100000000000000011100000000000000000000000000000000001100000000000000000011111111111111111111
111111111111111111111111000000000000000000000011111111000000000000110000011111110000000000000000000000000001111100000000000000000011111111111111111111
111111111111111111111111000000000000110000000000000000000000110000000011011100000000000000000000000000011000001100001110011000000011111111111111111111
111111111111111111111111000000000000000000000000000000000000000011000011011100000000000000000000000001100000000000001110000000000011111111111111111111
111111111111111111111111000000000000000000001111011111000000000000000000011100000000000000001100000000000000000000000000000000000011111111111111111111
111111111111111111111111000000111000000000000000000000000000000000000000011100000000000000000000000000000000000000000000000000000011111111111111111111
111111111111111111111111000000000000000111000000000000011101100111000000011100000000000000000000000000000000000000000000011100000011111111111111111111
111111111111111111111111000000000000000000000000000000011101100111000000011100110000000000000000000000000000000000000000000011110011111111111111111111
111111111111111111111111000000000000011100001110000000000000000111000000011100000000000000000000000000000000000000000000000000001111111111111111111111
111111111111111111111111000000000110011100000000000000000000000000000000011100000000110000000000000000000000000000000000000000001111111111111111111111
111111111111111111111111000000000000011100000000110011000000000000000000011100000000000000001100000000000000000000000000000110001111111111111111111111
111111111111111111111111000000000000000001100000000000110000111000000000011100000000000000000000000000000001100000000000000000000011111111111111111111
111111111111111111111111000000000000000000000000000000110000000000000000011100000000000000000000000000000000000000000000000000000111111111111111111111
111111111111111111111111000001110000000000000000000000110000000000000000011100000000000000000000000000000000000000000000000000000111111111111111111111
111111111111111111111111000001111111000000011100000000001100000000000000011100000111000000000000000000000000000000000000000000000111111111111111111111
111111111111111111111111000000000000001110011100011000001100000000001100011100000000000001100000000000000000000000000000000000003011111111111111111111
111111111111111111111111000000000000000000011100000000000000000000000000011100000000000000000000000000000000000000000000000000003011111111111111111111
111111111111111111111111000000000000000000000000000000000000000000011000011100000000000000001110000000000000000000000000000000003011111111111111111111
111111111111111111111111001110000000110000000001110011111111111111111111111111111111111111111100000000001111100000000000000000003011111111111111111111
111111111111111111111111000000001110000000000000000011111111111111111111111111111111111111111100000000000000000011000001100000003011111111111111111111
111111111111111111111111000011101110000000001100000011111111111111111111111111111111111111111100000000000000000000000000000000003011111111111111111111
111111111111111111111111111011101110000000000000000011100000000001100011111000000000000000000000000000000000000000000000000000003011111111111111111111
111111111111111111111111111011100000000011100000000011100000011101100011000000000111000000000000000000000000000000000000000000003011111111111111111111
111111111111111111111111111001110000000011100000000011100000011100000011000111000111011100000000000000000000000000111000000000003011111111111111111111
111111111111111111111111001111111111100000000000110011100111011111100000000111000111011100011100000000000000000000111011000000003011111111111111111111
111111111111111111111111111111111111111111111111111111111111111111111111111111111111111111111111111111111111111111111111111111111111111111111111111111
000001100000000011100111001111111111101110000000000011100111001111100011000000111011100111011100000000000111000000000000001110111010000000000000111111
000011000000111011100111110001111110001110000011100011101111101110000011000000111011100111011111100000000111000000011111101110111010000000000000111111
000011111110111011100001110001111110111011100011100011101111101110000000000000111000000011111111101110000111111111111111101110111110000000000000111111
111000111110111000000001110000011110111011100000000011101111100000000000011100000011100011111111101110111000111111111111101111111110000000000000000000
111000111110000000111001111001110000111011110000000011100000000000011000011100011111101111111100111110111011111111111111001111111110000000000000000111
111000000111000000111001111001110110000000110000000011100000000000011000000111011111101100011100110000111011011100011111011101111110000000000000000111
000111000111001110111001111001110110000000110000000011100000000000011000000111000011101101111100110011111101111100000011011101111110000000000000000111
000111111111111110011111100110011111111110000110000011100000000000001101100111000011100001111101110011111101111111111000011101111111110000000000000000
001111111000111110011111100110011101111110000110000011100000000000001101101110000011100001111101110011111111110111111011100111110011110000000000000000
111100111000110000000011100110011101111110111000000011100000001100001101101110000111001110011101110000001110000111111011100111101111110000000000000000
111100011100000000111001011100000001110000111000000011101100001100000000001110000111001110011100000000111011111110000011111111101110001110000000000000
110001111101110000111001011100000001110011111001100011101101111100111000000000000111001110011101110111111011111110111011111111101111111110111000000000
111001110001110000111101011100011101110011100001100011101101110000111000011000000000011100011101110111111011111110111011101110000011111110111000000000
111001111111111111111111001111011100000011100001100011100001110111000011111001110000011100011101110111011111110000111000001110001111110000111000000000
111100001110001111110111001111011100111000001110011111100000000111000011100001110000011100011100000011011101110011111101111111101111110111110000000000
001100001111111111110111000111110000111001111110011111111001100111000011100001111000000000011101110011011101110011111101110111001111110111110111000000
